$ANSIBLE_VAULT;1.1;AES256
38383537643663323830663632636438626364626433646631346465613130396264346232356438
6637353032636439636566633965396231303132313530380a616535663062373839356134396466
64653730616363346630306335386162393230626464656538373764616364373931623333306135
3234643138333165320a653431343230633361623562393462383761363032313636343932633434
35636235373966393030613532303261333637313764323934363030313732353761363636646130
66343163353430653461386231613932356338366161336431623038313835643337323736623364
65306434386265366533396436323961623434336138646238346239393262633463396137386362
63633236323264363866636464616462373964326232383265393637383236663438666336653830
30343935633035613230376262303337333032333037316435623737636364663735393034663465
33303762633764393163323630366430356465303232623338396230313961366332353563346138
64323436613135636361313962383933613230313837633035626364386136336636363133393735
30313534383165653664623337613361656263346334373731643662313262336265633434383038
34633436346539326233326333653134666564623637613539626163376238393964
